inherit_from: "configs/mono/stihl/base_config.yaml"

Dataset:
  dataset_path: "/home/doubletower/data/stihl/kwald1"
  Calibration:
    fx: 596.1950425915236
    fy: 593.1411835433107
    cx: 327.0463454538411
    cy: 245.16142133264628
    k1: 0.07561607662577634
    k2: -0.2088729975389971
    p1: -0.0023347441072184756
    p2: 0.004010356017731083
    k3: 0.0
    width: 640
    height: 480
    distorted: True
